1.0535363727339184E-5 1.0037601371660434 
1.0535363727339184E-5 1.0037601371660434 
0.970079922942403 0.03666055273101532 
0.8813797907420587 0.09423468056773421 
0.6911660078510069 0.17955232973034066 
0.6911660078510069 0.17955232973034066 
0.8813797907420587 0.09423468056773421 
0.6551073945232996 0.19751886961847423 
0.8910176030023025 0.05751252024036286 
0.00469615920047756 0.9382483479277899 
0.6661081692429812 0.1901665259164772 
0.5701586128448562 0.24828570999819716 
0.12311805424420588 0.664908019635282 
0.603033835362096 0.23500280510045363 
0.24892750036486813 0.508364186023731 
0.1629727928613657 0.6022884133769888 
0.5103004145222865 0.28749769956579396 
0.26470622124304893 0.4964455412031993 
0.1497312890140457 0.6197096864780438 
0.8823009856689166 0.07683565927711894 
0.584478534092086 0.2377256627972308 
0.3944484689789804 0.37915667689701366 
0.320165798215739 0.43758120494553315 
0.41568052187956445 0.3569324984176269 
0.45763352488153425 0.343774569536157 
0.1385869967238092 0.6422126828537243 
0.4792084702367092 0.3111903281348112 
0.3111629945666954 0.44981807023706616 
0.365753027762321 0.4079581138043098 
0.91927118510309 0.04192070825417126 
0.36062449542689284 0.4127694769809479 
0.007620347321135489 0.9171172860082846 
0.29747591167560244 0.45594597788127017 
0.016579803862951523 0.8782712291885412 
0.20453575683096878 0.5553864402806375 
0.3765104645582242 0.38765573996678104 
0.134785204004773 0.6475574094916916 
0.07098813952258493 0.7409390765037693 
0.0937096159597764 0.71736512429659 
0.4961712375225888 0.30655908701868867 
0.3383228535746825 0.43171045377577427 
0.023709800671763433 0.8489167844721466 
0.4307200360131989 0.3534003291032385 
0.46074993767927325 0.3244686697901129 
0.9417663097395375 0.040883750519209464 
0.08173204263998606 0.7218502010409393 
0.04606364025034813 0.79579987797264 
0.9485417071265685 0.037069494070016085 
0.05304221498308151 0.7790363913838926 
0.4692216969900785 0.3208123506747049 
0.6290569975464083 0.2166311326953565 
0.17786707155422643 0.5850835390657161 
0.16217680595010875 0.6193623259334802 
0.17786707155422643 0.5850835390657161 
0.015562776786774328 0.8801380861594328 
0.23946445884971834 0.521721150613221 
0.19122538727125288 0.5684454356616465 
0.5524177058110255 0.25941869492019737 
0.07556142886575594 0.7327286934861994 
0.06252366913629731 0.757748369859427 
0.03569833789560586 0.8147637299610303 
0.27153308438959806 0.4807445069321353 
0.6164749255536129 0.21884922525471392 
0.222794063871247 0.5328493890812958 
0.9112175072927443 0.05031553883851097 
0.6290569975464083 0.2166311326953565 
0.5397250089109282 0.2715829257296551 
0.0013486158014403313 0.9652224251985796 
0.029621985281224554 0.8334992111703237 
0.010476798630567897 0.9044171933140187 
0.3416785244550095 0.42360130867650414 
0.5237611117469401 0.2849361266288934 
0.19122538727125288 0.5684454356616465 
0.10329380769826325 0.6855792501459993 
0.06252366913629731 0.757748369859427 
0.11406127205594276 0.6802778849729085 
0.5397250089109282 0.2715829257296551 
0.03561191217706362 0.8334699068128741 
0.2918287296235254 0.46932310286899925 
0.09510388177617692 0.6976421084899984 
0.5524177058110255 0.25941869492019737 
0.0013486158014403313 0.9652224251985796 
0.04717336049245298 0.7933627919955569 
0.023709800671763433 0.8489167844721466 
0.27152745606193407 0.48339904514178517 
0.403725028372923 0.3695194262955498 
0.21313033114876553 0.5518889655279045 
0.403725028372923 0.3695194262955498 
0.23946445884971834 0.521721150613221 
0.051923215608896796 0.7790496459831946 
8.825975435276444E-4 0.9849859094955218 
0.3765104645582242 0.38765573996678104 
6.30344875996066E-4 1.0034865864602718 
0.22213577077073715 0.5330799966530776 
0.03569833789560586 0.8147637299610303 
8.825975435276444E-4 0.9849859094955218 
0.4961712375225888 0.30655908701868867 
0.4432588584608046 0.3498394014924597 
0.2131404777685408 0.5423082136716505 
0.5237611117469401 0.2849361266288934 
