0.7670482586136267 0.8974603595379069 2.99370461430987 
0.07924563443951925 2.9255821346226007E-9 5.923248826038187 
0.9366169696240453 2.9255821346226007E-9 4.5927568492740525 
1.4513550138805567E-13 3.4981280344604203E-6 6.012528627411894 
0.8581511457887734 0.8552072541569505 2.6257821454830443 
0.2935640915592003 0.7956287141602905 4.071144645491408 
0.1295802853728456 0.32742994144541226 5.422308194741909 
0.6645467167530376 0.6223518220237191 5.000044617049643 
0.6226107965447937 0.6389489746555634 5.171320743918998 
0.8882668729682333 0.002337115467673047 4.365684641913165 
0.7853989048118394 0.8496416190732708 2.830575136813675 
0.6999008219771548 0.8629586719802966 3.409436024321003 
0.9366169696240453 2.9255821346226007E-9 4.5927568492740525 
0.022738328187546064 0.019515124158799968 5.97392597237884 
0.8814375024401628 0.12145464224612451 4.133807369890711 
0.23874443059934264 0.662968064985409 5.078305612170377 
0.8384025988809163 0.2877785429759569 3.995478907415057 
0.008406925629919182 0.07500421939044444 5.895222335268184 
0.8235175479015351 0.31206782274150424 4.013056332295648 
0.7545672494196956 0.16806220207011568 4.412059758571187 
0.7122209595034598 0.8767807868543347 3.331059882409125 
0.27122930171518544 0.7706773736088646 4.211975227569662 
0.8119783729473946 0.8496416190732708 2.7177444263350172 
0.04170673776259248 0.7868894528802167 4.6083670698741575 
0.25132728420028105 0.7078940862274556 4.643449717441727 
0.020099586743157982 0.2825864027832575 5.592124693910535 
0.6755075167780097 0.7729885245298159 3.8939140424779195 
0.09836476462566335 0.8120856972941114 4.241225677387677 
0.7197465977560639 0.2270314003804256 4.5503027851465765 
0.7834512780491313 0.7179893307667484 3.478633413069746 
0.06035951041815443 0.0943459771304218 5.832215684345231 
0.244642929190719 0.1130270949308102 5.395098722699078 
0.2190362719765397 0.18585830043238916 5.242204185880308 
0.7952843704942333 0.18726109696849563 4.099556285709406 
0.6645467167530376 0.6405357698996132 4.876193972225645 
0.7593876432328155 0.7994932675797773 3.155111046026006 
0.6755075167780097 0.1436520927178444 5.062677789773623 
0.7241834376254247 0.7418598050016177 3.8292762196640924 
0.6968280999991794 0.21810828759598877 4.725434371766831 
0.791802522707048 0.7819474876445515 3.0428420570026775 
0.14750809119739205 0.748482514007152 4.52614204754469 
0.1255445244946361 0.238258162850848 5.470269485858786 
0.16862255292597134 0.7005410829868967 4.785388039497159 
0.066633374156926 0.2757562515843579 5.502712168247388 
0.8114296161591883 0.7805291620776165 3.1073205276647857 
0.08557189950880234 0.20038034299819185 5.536026307892288 
0.2772981622152295 0.002337115467673047 5.614738445144813 
0.8718486104125045 0.6810268529127137 3.5606856966128397 
0.7718093554924418 0.8863961038515128 2.930914940882327 
0.6873817907208417 0.748482514007152 3.9920097009287745 
0.7022722109887033 0.22570684197246665 4.680875412653387 
0.1541365867035328 0.2480277721864939 5.302715592141301 
0.848295251594616 0.7366694967440978 3.22037044691046 
0.12723148222921687 0.3213909787701136 5.4332899431307995 
0.1915805858378087 0.15723176397577351 5.364964941072349 
0.8655427776675082 0.6765626737072614 3.626136007237463 
0.7772702976086878 0.8767807868543347 2.885658361338761 
0.1874354753218364 0.7008592902301842 4.719943629763765 
0.8186107227635537 0.06890790079811604 4.272812347248905 
0.7241834376254247 0.7629910583002713 3.6523937506682476 
0.7907093917539127 0.2629162224360219 4.068482046503795 
0.7434634790956174 0.040742105818873664 4.90623526589384 
0.6495969744962365 0.669503258050281 4.8268459164301944 
0.20171918251422472 0.0010090596312449795 5.637740635739348 
0.7411618539239808 0.7569018591851503 3.6873052615107706 
0.7670482586136267 0.674587169730394 3.970647520222295 
0.1519515760781795 2.9255821346226007E-9 5.736125436577273 
0.24118724304678424 0.1323348417993945 5.336313886922735 
0.031497233195474705 0.7215225937516847 4.921226260874563 
0.25650390728292494 0.7569018591851503 4.460409472301558 
0.17805833523026077 0.6906320004574945 4.843803872358284 
0.8522009910661124 0.8240494010728169 2.694743104785993 
0.031497233195474705 0.8386298772174483 4.330216969816493 
0.07924563443951925 0.06117341516302344 5.855778150857074 
0.8455156192998209 0.7368061409749402 3.3604558692921485 
0.6296909129712986 0.6389489746555634 5.127878642548609 
0.832186129949437 0.7729287062742884 2.925110484208124 
0.06807775494944804 0.7752623662262829 4.4871237927211505 
0.7593876432328155 0.10204149995494888 4.495718656385511 
0.8236894943158474 0.6646628510271229 3.7620229233221565 
0.7406284711782227 0.7473078036474617 3.747161102168606 
0.15276292818630255 0.03346106957407258 5.700082293896761 
0.2136716886271539 0.20612307622043868 5.225735656857434 
0.1161588572625934 0.0340060118454521 5.7943890616906994 
0.1161588572625934 0.0045897687221845285 5.878448152408204 
0.6268687824182669 0.717716276329651 4.614119732259921 
0.7760397606993203 0.7179893307667484 3.5247602073041517 
0.07787197592238854 0.041979389919147014 5.901262404861467 
0.6698403794657605 0.8065687547302153 3.8161004997313603 
0.7919079298577871 0.8386298772174483 2.975303668960039 
0.1787067650793842 0.7007663682060516 4.751472298886881 
0.1748482133357312 0.007509013127184216 5.669762029498013 
0.755202165503292 0.048180554727977165 4.674015960930085 
0.6353967048035944 0.7601774774993462 4.257329336214518 
0.8108213313556456 0.05247861816060436 4.347048493531338 
0.8546150607510691 0.15723176397577351 4.050716271522033 
0.8718486104125045 0.011382785485753333 4.324494117731926 
0.7354395629058156 0.8025005797584799 3.278489161496925 
0.06296675499962989 0.09115339668965447 5.794785527353859 
0.10537581778783917 0.09347321643199752 5.697241700248522 
