0.14499451519048728 0.6893231620341306 4.914452835489497 
0.6643367116260704 0.896780304026873 3.7796816866450302 
0.8216823643216598 0.26970393865710757 3.9844760571121407 
0.16707409117091584 0.08368706231528145 5.58517258521105 
0.0732735558013245 0.7489930703032583 4.677209044896051 
0.06299029337766199 0.17148606848897469 5.618321250526213 
3.948986783669859E-4 0.005812517159072772 6.042737666318007 
0.863471901979272 0.21128931557692854 3.9351542696630872 
0.6979099345370662 0.6498584867975339 4.643050617764121 
0.8377968692490337 0.6637199023232727 3.7269255208889285 
0.15925580749165252 0.2909203212075032 5.322798296863171 
0.20276747201027856 0.6409556585735545 5.222922798753468 
0.02960190249887462 0.15272806013780094 5.722813276050633 
0.6897352792917104 0.2475062691404262 4.814985341459403 
0.8689600766227885 0.6790925183049931 3.6568953407018254 
0.006105105400979589 0.05473690804364967 5.984012732386668 
0.7592614462552991 0.00961258570287954 4.895662661773505 
0.19550930034719324 0.7838335956677863 4.199585176944174 
0.7102702039465082 0.6201214543470572 4.710573399005998 
0.7905731089816341 0.3015675917444691 4.119642791985841 
0.8002642083809777 0.8547594442424051 2.802187911540256 
0.17515606922788066 0.004638726103405794 5.90454251771907 
0.2270945482193359 0.1981606811626503 5.274194904992755 
0.7336066918148729 0.3190292267724547 4.50814727084946 
0.8552317823614322 0.834311521513728 2.6926618855660207 
0.7781854498523226 0.11023616472467018 4.409545464763277 
0.6566869680762333 0.23215212067523314 5.03994507743673 
0.6397722129095826 0.8475067017646859 3.901847237408029 
0.28097532760189586 0.6731578818536561 4.967255631658174 
0.7935185957788515 0.7993466280285547 3.0013357698857694 
0.652431725542959 0.25414611271305243 5.0693200824790345 
0.8225148520043092 0.7911572222368995 2.888188386461923 
0.02960190249887462 0.12519602585745793 5.813962445500727 
0.6470390805597095 0.8661156161614384 3.8347077125061935 
0.18071639054682406 0.7757794202933808 4.294034544155048 
0.08936501521004593 0.0357741677736758 5.868830283889949 
0.7410004732375433 0.04702969389757111 4.777657011508624 
0.2381244576956868 0.818936600266597 4.095127945306353 
0.2207566758014189 0.8735587011352393 4.016080417281572 
3.927320597490744E-11 1.5608734666873307E-8 6.108793128642506 
0.7527061960311073 0.8268871552904993 3.1314012764666486 
0.637354771435284 0.6550272766962345 5.182827836030731 
0.787045589264464 0.7378193419243699 3.4294964611286574 
0.6726420509882911 0.6550272766962345 4.760144398377138 
0.13095471776845458 0.16214505419248978 5.5696041589465795 
0.25013326858750534 0.7237343396753131 4.5850825417686405 
0.10510841322686029 0.22367037855058758 5.4350396856878564 
0.8355368538998471 0.7080878793820897 3.5508643407763447 
0.16407002226537776 0.23586653963944676 5.4144091243030195 
0.26030049318500975 0.6317071879762215 5.208571325576461 
0.863471901979272 0.20233828553340322 3.973680499966328 
0.7993560871108926 0.28398647890652884 4.063681307230125 
0.8495689798316981 0.7172389016950194 3.3714360960012755 
0.8600271338401226 0.8584526168911798 2.6471928879801503 
0.8087790380229928 0.13959696537023247 4.175463108990217 
0.2891193062515936 0.7669514908904357 4.2429478232699935 
0.07447466364441996 0.9018810296605666 4.340676111881839 
0.8280006418780067 0.6853572079932749 3.6010140951346656 
0.123994062867748 0.8233592447527529 4.383900307393378 
0.8024069120156702 0.7653595307064671 3.179060837308799 
0.7365805540166263 0.2821056923779965 4.483783708658229 
0.7852660191867252 0.8561923063371454 2.909394384657286 
0.24274155648912565 0.6853572079932749 4.85111084684644 
0.8971289551593964 0.8082813243314709 2.8601374834936855 
0.3455305883451143 0.184284984787108 5.383569915907443 
0.6979099345370662 0.8870432728913634 3.500582748676645 
0.8949864528018795 0.7316719815535787 3.2448598419221164 
0.7224099779336592 0.8793946840600559 3.31588901723086 
0.11890350995900079 0.09593040403851327 5.67772367015056 
0.8788228750969125 0.024210458222234672 4.370238336652818 
0.7424279716632539 0.21291852217522642 4.42975318256512 
0.7542901839364581 0.8646559323573092 3.0972173260735287 
0.26735083818169525 0.07279919849516114 5.5152193905025175 
0.09934883418546264 0.17140393490559178 5.540568782067663 
0.3176722169270437 0.6451058017334046 5.199272507311526 
0.6726154407942091 0.8961876712662769 3.685336417538672 
0.15871127421903236 0.03814302784877538 5.85221654860931 
0.6397722129095826 0.06235382748664914 5.556304601885577 
0.7684289131709221 0.8793946840600559 2.99379410272139 
0.05000456646650436 0.7592743629171406 4.765146326221967 
3.927320597490744E-11 6.012702623802344E-10 6.139334046650617 
0.8173640937686387 0.013569218026622865 4.635620431864632 
0.29735588717975836 0.13097062074939908 5.403039020278019 
0.2207566758014189 0.693742247809878 4.859295214485634 
0.18432084734815404 0.1601630652521835 5.469817701491643 
0.8977011578102246 0.0452700498868534 4.364895043371716 
0.14793138125138233 0.8182490820420495 4.204621838020401 
0.8821122830518959 0.8327278699933371 2.7387531108719503 
0.10255882239304016 0.7112430695804759 4.98585694311928 
0.8485791401782725 0.7172389016950194 3.5185624892226626 
0.1558171960463995 0.861252112429472 4.157870154622209 
0.35030313047126205 0.8561923063371454 4.053766904282446 
0.016646270304914335 0.2677488366675964 5.732279869256957 
0.020604218867535634 0.2582102174309072 5.639067618530902 
0.02960190249887462 0.0013310765164007352 6.056068837458312 
0.8332385169756377 0.6637199023232727 3.743164477924255 
0.7048749791627809 0.10374220018731362 5.0271180447821155 
0.6841815133138296 0.12519602585745793 5.06968345802953 
0.21322284658846172 0.7441144127982755 4.441468042670761 
0.7346002391077845 0.3190292267724547 4.501132574268756 
