0.0 0.0 6.0 
0.017959110222364263 0.02384102188712245 5.957324925438673 
0.6805947286152897 0.2853637246684143 4.867778084877015 
0.11397013337168614 0.2363896691954567 5.374049601558125 
0.8433408345557609 0.7806189300866389 2.876498480652363 
0.8835125260629397 0.8679191728173439 2.640923064338613 
0.6594288581005218 0.2595561794461052 5.0301041270739715 
0.7172346908177409 0.317402392452961 4.611698865483854 
0.12559067849149091 0.21416245764075226 5.415033567748759 
0.8284508738221309 0.8574863311688163 2.680448510975323 
0.15607198167451353 0.711315704665015 4.900601236102045 
0.7666192265896461 0.7907319750503297 3.124450249058285 
0.19506868688437595 0.27255147613744385 5.226854124112806 
0.8384433722915696 0.7658628996829854 2.9740066117178428 
0.7819517746474665 0.6171471638073608 4.219126488351684 
0.26003272233538344 0.034459272732624946 5.5646170016531045 
0.650797783690973 0.8895242818328388 3.8214851986581824 
0.861773937499352 0.671939294823832 3.6946642597845893 
0.7480480246927984 0.8000911717633992 3.26543751216001 
0.7994048428311117 0.6685658955031768 3.7787541838114835 
0.8903150059587435 0.753001870684223 3.061528164824591 
0.29769150740406336 0.6969979550094183 4.745475426110173 
0.8749582416973427 0.6392638732593033 3.8575370564872724 
0.8869329217253569 0.7582584198427081 3.0188036439604944 
0.8137886427579903 0.865074191410955 2.7266457079571023 
0.045336288557664806 0.171157218449863 5.613680388701335 
0.08282608588883089 0.041021084070425345 5.8153558616932814 
0.7210580671635376 0.11616985659155321 4.806026681983505 
0.7743917110242473 0.7402974063938217 3.387487241331183 
0.7054751259147329 0.8215643419301423 3.558357978810211 
0.8236505827092026 0.7026952362078467 3.4710049072020905 
0.6438241274501423 0.6760366816579337 4.778783571290345 
0.10395416167280391 0.731732520468718 4.696678742097567 
0.6912181255854749 0.8740532657788077 3.515282992874423 
0.7887278894264609 0.8296178913715947 2.927950673515297 
0.8501119608150123 0.22642892298376116 3.9770115608802863 
0.7333332144951574 0.7458041561956337 3.606827397965063 
0.7120318743189107 0.80811509736836 3.434852916633698 
0.7318275577759659 0.8430309198494064 3.192910386243989 
0.7555896058762201 0.7969179693866888 3.2335517762014336 
0.24293545245888293 0.06870372018507735 5.52067682162503 
0.7381126900563182 0.2998931151639564 4.438709897695311 
0.7461948174847306 0.8371567572733787 3.1178713715898434 
0.05365032560398819 0.05484586883995124 5.849475977991874 
0.8556512141343798 0.15780257661937191 4.098840990420488 
0.6256020732356902 0.8817941169739427 3.941092258375999 
0.037009804986807275 0.14204770743767312 5.699681977839737 
0.7278354660453783 0.26804121599387465 4.633225890606801 
0.3465428254554199 0.6792925207454518 4.94612283060423 
0.18292751810804325 0.20111939955494818 5.279030821939263 
0.8298928734188725 0.8169291024223908 2.7737187570191186 
0.07202092253093528 0.22882125567314443 5.493534526854017 
0.23805565638834209 0.8124500434890866 4.00583696830565 
0.150498807233458 0.08269033252627855 5.620874249075316 
0.8384690717073581 0.6595017702717569 3.7340480137680276 
0.313757888659232 0.644114652200046 5.143720150311699 
0.8916449092631271 0.7226998332979868 3.3070942388919438 
0.10240608790836386 0.8950988283005402 4.324664233907129 
0.1325576132946563 0.01849706785493606 5.737134944505848 
0.7385500694962268 0.785242473261035 3.335396391264921 
0.22824724290354448 0.1004094753411066 5.465750502534909 
0.7446612603993585 0.6268239902101909 4.394690549723397 
0.6727111694092087 0.32588000895523683 4.956749982472223 
0.7065636258065117 0.6099854750624817 4.809783546517303 
0.8724089510530694 0.1523895925109038 4.079744291230349 
0.19054415670168917 0.7806181653192148 4.1665023042822735 
0.14672642636795577 0.7688066684491961 4.567512471381942 
0.6670023739116127 0.16647741791869433 5.111923431229111 
0.3376151733986044 0.6758201126179324 4.999391185887316 
0.16646701937423825 0.31223733428942946 5.305678633499939 
0.6158970085100228 0.7201502097801806 4.6597077021879585 
0.05067799223857877 0.008851617969865 5.919519542674669 
0.8336639681471528 0.33687659377635865 4.030404975916105 
0.2474740568785403 0.13590099117722532 5.3364337296726685 
0.28791085999902155 0.24851906842805693 5.203335485234534 
0.8024384962772823 0.6506748341465534 3.9161330471434685 
0.31501056504270264 0.6359009911772253 5.187053802433147 
0.0032665973882789467 0.8527873430228704 4.337888084571484 
0.701064533641937 0.7773474321752472 3.673915637307083 
0.20893512011681087 0.7651438846957113 4.238626795694904 
0.1733755683172235 0.046279162226694925 5.661445871501554 
0.2199659195966803 0.30176892287202195 5.205430725854596 
0.32176421585911885 0.6859009911772254 4.848076622126053 
0.08626410803280025 0.7844317400543968 4.486033784985859 
0.8106479997519083 0.23101508473188553 4.38642965492275 
0.2319725641613396 0.08357698069277819 5.586062871281982 
0.059318237643755725 0.09150381572571753 5.759396789801723 
0.81447148287056 0.8272685553613507 2.8273376806478017 
0.8789739008505757 0.05932313115178016 4.249507696874904 
0.15316689736396477 0.1828410818313091 5.350447387520914 
0.8334107214402589 0.6915514500992763 3.6499185725347143 
0.14007976140949863 0.2520875211785291 5.311560616064045 
0.956427091685671 0.0 4.8687355356709885 
0.2798757656417119 0.7573296105969655 4.301506203952783 
0.6948808328326765 0.7417677952968438 3.9150916254206236 
0.0 0.9250484580418558 4.817082294477703 
0.6178127320145922 0.7085927862070418 4.7067621922527705 
0.09915999176663787 0.0610613350905822 5.787995170407272 
0.11125988577224 0.7779352247259239 4.513650008138585 
0.023343688123780994 0.09479611024112898 5.898333506742427 
