2.5931039000087752E-12 0.4984691701026754 0.49148888864154416 0.5018601034974967 0.49707050912112627 0.499817006098342 0.4265044806138124 0.5010000407157652 0.5006204612639296 0.4978168858191967 0.4988016099101057 0.5001894760798714 0.4973917773600042 0.49951281046132284 0.5242422286844415 0.49988581855090325 0.4921965603629732 0.4988697004613829 0.5081795632236408 0.49830179859690116 0.5055554405900098 0.5007372642394057 0.5115569141069372 0.5002994085725958 0.4948574187435575 0.5006044656091804 0.48886351544667106 0.4997907901972894 0.5078386641805859 0.4983688309579793 
2.5931039000087752E-12 0.4984691701026754 0.49148888864154416 0.5018601034974967 0.49707050912112627 0.499817006098342 0.4265044806138124 0.5010000407157652 0.5006204612639296 0.4978168858191967 0.4988016099101057 0.5001894760798714 0.4973917773600042 0.49951281046132284 0.5242422286844415 0.49988581855090325 0.4921965603629732 0.4988697004613829 0.5081795632236408 0.49830179859690116 0.5055554405900098 0.5007372642394057 0.5115569141069372 0.5002994085725958 0.4948574187435575 0.5006044656091804 0.48886351544667106 0.4997907901972894 0.5078386641805859 0.4983688309579793 
0.9296001104639002 0.18610968789875573 0.6961433394326186 0.2104775576631998 0.7464242215100045 0.4930384112243209 0.8201368882846717 0.35555875902102907 0.8369899048087699 0.5135208264556883 0.8666935589872365 0.46683460254467773 0.8665510749090771 0.5325115969979601 0.8794453069567034 0.6284749393097484 0.8354394597150367 0.7057081642313585 0.8131780827867386 0.7582232349131899 0.7509720885037411 0.7971869311035774 0.6732615984436284 0.7662450015576767 0.5907074285136856 0.8734312165446491 0.5218477783581476 0.8675809982623317 0.44488110403253855 0.8778595499130104 
0.8776817239225225 0.1970047989619248 0.17970338300526356 0.18360261297211 0.42611084703639 0.18006761684764658 0.4592512944909328 0.17191149782036647 0.5793499012631114 0.16172518484125734 0.6283839996296796 0.1991819980946887 0.7571403145587314 0.2740083539367485 0.740556166204039 0.2980376320044297 0.8096248313386925 0.3327385539354484 0.7090226428001701 0.45600377875202797 0.8457112914999276 0.5480931078079467 0.8233229214469321 0.5719418923017545 0.8223269907806181 0.6424395407648599 0.7962996397332267 0.7196609394340223 0.7194766553268392 0.7651853510862221 
0.6828066322066282 0.6197019692039208 0.6850933219840978 0.6699746857564127 0.6523604562557358 0.7205276858757113 0.5912830874241998 0.7218635598625818 0.5846365392908341 0.7627608192770005 0.5326391538118103 0.736295953208097 0.4435400785629893 0.7257369125068356 0.4341538597652208 0.7299427198676143 0.3884361374325171 0.6427247860390191 0.3260777405946076 0.6897615157451462 0.3070908460651054 0.6313607609298492 0.29138439592809834 0.5257538266273261 0.2537312129537246 0.5084747811881595 0.25267863739893304 0.4932339102418333 0.25329356324164787 0.4192145598514574 
0.6828066322066282 0.6197019692039208 0.6850933219840978 0.6699746857564127 0.6523604562557358 0.7205276858757113 0.5912830874241998 0.7218635598625818 0.5846365392908341 0.7627608192770005 0.5326391538118103 0.736295953208097 0.4435400785629893 0.7257369125068356 0.4341538597652208 0.7299427198676143 0.3884361374325171 0.6427247860390191 0.3260777405946076 0.6897615157451462 0.3070908460651054 0.6313607609298492 0.29138439592809834 0.5257538266273261 0.2537312129537246 0.5084747811881595 0.25267863739893304 0.4932339102418333 0.25329356324164787 0.4192145598514574 
0.8776817239225225 0.1970047989619248 0.17970338300526356 0.18360261297211 0.42611084703639 0.18006761684764658 0.4592512944909328 0.17191149782036647 0.5793499012631114 0.16172518484125734 0.6283839996296796 0.1991819980946887 0.7571403145587314 0.2740083539367485 0.740556166204039 0.2980376320044297 0.8096248313386925 0.3327385539354484 0.7090226428001701 0.45600377875202797 0.8457112914999276 0.5480931078079467 0.8233229214469321 0.5719418923017545 0.8223269907806181 0.6424395407648599 0.7962996397332267 0.7196609394340223 0.7194766553268392 0.7651853510862221 
0.653250404581277 0.49604133905796066 0.7623406110106997 0.5436678786209262 0.7569608471399573 0.5907939526265293 0.7977381042960993 0.6436767484273038 0.7225610840188882 0.6535963007165592 0.7169997653175184 0.7192795490226054 0.5952456354405242 0.7509491361052395 0.5459898017410941 0.7552430169390832 0.5191387684561154 0.7597280470859806 0.45183586260266134 0.7431950972267659 0.4055470556732325 0.7702965026931182 0.3552899094841293 0.7026150491467646 0.31711142408101595 0.6549357036583009 0.24262044924427895 0.6404691870671003 0.25584061102405375 0.5562937398735236 
0.8888490792584596 0.12741788430164105 0.42576645128318147 0.14557989952901618 0.492085776213223 0.16811032313227425 0.5687147586608504 0.20053142173744765 0.6421579075539707 0.19721734999570856 0.7032290629364688 0.22925272839856065 0.7587101854412523 0.2892033305003929 0.8210551785699025 0.3608793216260108 0.8438550058036361 0.4213653942060366 0.8538833960964454 0.5005396232496697 0.851849490851339 0.5756746294751384 0.8459054434312123 0.6277823861166072 0.8096440152666062 0.7092582634708985 0.7597796570009553 0.7723053746841733 0.7001029559800283 0.8284531415268407 
0.0038607852955819186 0.5006508190644534 0.5122945475102125 0.5018600726150643 0.5132454322500251 0.4993441762755966 0.505691771621636 0.5151339061989259 0.5006182386616355 0.4955989082122665 0.5011171021918503 0.5053429153146084 0.5048263792477024 0.5010298930313518 0.49672476654830056 0.4990108252106652 0.5010340831912047 0.4902736050554064 0.4997534636638974 0.5317929643415895 0.5139826961658036 0.49967491629056254 0.49007504705972915 0.5089757774967688 0.5010159547060178 0.4960701609578611 0.499180248736751 0.4871811384960288 0.49151837809222526 0.4998947903008293 
0.6567428551986421 0.5053575491765427 0.7623406110106997 0.5544355338813 0.7491566861309777 0.6642508723118117 0.7235790767247049 0.6536871026833461 0.6916333692159211 0.7633449323038068 0.6600102460501 0.7261082258667926 0.6026665589168351 0.7509491361052395 0.5640506455387142 0.7372950954608491 0.4944802076525935 0.7627921770975374 0.43272884227404634 0.8078176386411051 0.38948844345925365 0.7818524779874031 0.347656455291403 0.6685165069666357 0.3119261117824427 0.6263606802665319 0.27686495407497347 0.6467289940066535 0.22920796130748144 0.5562937398735236 
0.5694129017930696 0.265840278895707 0.5290341246217212 0.2684090884017655 0.5639735824487501 0.2845536583226578 0.6069707002274976 0.31705873821655345 0.6353227580679255 0.3370614347448023 0.6918172025407702 0.3533737011457068 0.69382447024143 0.4282048057636758 0.7234089706227067 0.46450983112281535 0.7555624467710205 0.5097976649336348 0.7279250191681121 0.539524525667769 0.7042323991023018 0.605831495374462 0.7156857016550149 0.6513925582112292 0.7131509296394339 0.6825690103265218 0.6136865024495817 0.71299434977126 0.5876815277654173 0.7266676960356323 
0.11563115069445391 0.49023596569724537 0.4892692349591749 0.5106436100347866 0.4391489088015563 0.4814614733742341 0.46709798156509946 0.49378966596566376 0.4888191633593076 0.47161997692865043 0.47574106431581076 0.4672780375561697 0.500028003504415 0.45387357101987835 0.4477497989130038 0.481685038382487 0.5075584527446817 0.41293286853183586 0.5190582135208225 0.5030525294013 0.4988087341309988 0.42756207144878944 0.49366656009724946 0.4319952730936468 0.5102401751623721 0.4453639791804139 0.5259485494757425 0.4870378052036295 0.5247820935615962 0.5117440412175777 
0.6005445373653895 0.29899248886800545 0.66447645906576 0.34186489534153436 0.668548802091658 0.3791053755515487 0.7187975136313284 0.4270357895084538 0.7403964222318778 0.46394299937279637 0.7419457443537573 0.5240770862806688 0.7276467093326511 0.5779096666500371 0.7212826152128317 0.6263181146079254 0.6280942742305838 0.6624532878340865 0.6649455382393613 0.7021819439663697 0.6156541951307462 0.7259500227588386 0.522789395376808 0.7394049083159506 0.5605114583676523 0.7349626827716593 0.43424514164039596 0.7304071520780313 0.43775874061231823 0.7145730351362991 
0.24513615737703487 0.4584487773042255 0.5516395013898606 0.40860779064173763 0.5286346852241204 0.4337877906841743 0.5614730321678831 0.452643806689449 0.5576579678426512 0.45415492150677617 0.5772234355534275 0.47638575948787854 0.5636509814850956 0.48935743921582164 0.5860661436986546 0.5088264179763666 0.5811228502497907 0.5044909705331583 0.5850623360764203 0.5551714964206733 0.5798837922946611 0.5394352517969689 0.5474374549478278 0.5780817883815084 0.5394226174304568 0.5704308466789116 0.5486704399951448 0.5574242894016692 0.5672903835072909 0.6103453324413197 
0.16048436076524009 0.5443626947654506 0.4397630975266026 0.4893002205994011 0.4744864733095124 0.47115538377347627 0.44825161390232476 0.45049531662660447 0.45590757416668803 0.44663315090942374 0.46782685250307965 0.42099260334619587 0.4756261965645618 0.44185442181551815 0.5287308646163258 0.43860431397699334 0.4642150236367789 0.41451686279969613 0.5318089588877237 0.41391702632138516 0.5360695409990592 0.44849698946934335 0.566397793415027 0.45660433173183124 0.5431903747917868 0.44990547305368844 0.5524060731411911 0.4785324543217733 0.5653309358657143 0.49282797555026936 
0.509991650192944 0.4325518465706225 0.2956114410560234 0.3938691639151061 0.37670746680484213 0.34941013881063215 0.38210405180315965 0.32203701508004495 0.43411924863999934 0.3146624645071589 0.46246662595131777 0.29613948314188293 0.4956409514004938 0.29261340519599127 0.5460061834883716 0.30825629185447695 0.5606418992687823 0.3254724438365627 0.6136440739757362 0.3456222694164345 0.6337783499495577 0.3697217757992061 0.6708076658273134 0.4158011951995717 0.6894488504865454 0.4649816925316703 0.6982076955521104 0.5008256690811336 0.6999595376772403 0.5404051862163821 
0.2587853220070427 0.40443188445196127 0.5857785794749436 0.4219222885335151 0.5889898399436428 0.4884605680643422 0.6043179737181887 0.47235508532702947 0.6210378764458071 0.48987658209999496 0.6204277668829205 0.5143022839058807 0.5915787695117434 0.545600086136891 0.6158012969707387 0.5603888422660477 0.5666262181914615 0.5805958547988255 0.5746253280510888 0.5872866801403169 0.5564810303962211 0.5934367947708067 0.5336877032514676 0.6088292247354573 0.49069394130640764 0.6153721688343987 0.5125490985077193 0.6157958466902066 0.46040045118134865 0.6050542940474487 
0.1474746271513409 0.49500954335170594 0.4641323092683742 0.5037195249921096 0.4125709312438739 0.48017858463018875 0.39950868741018386 0.47438291254016834 0.44947256981776496 0.4727042306820002 0.49530784615600115 0.447286329034212 0.46862440298231095 0.43905716424248986 0.46122370138409735 0.4529432678938613 0.5038761363187447 0.4734289987420078 0.5039666821987208 0.4371569396987295 0.5339484477332797 0.4226323365360127 0.5500769456753187 0.4061658450056551 0.5394214536138833 0.4499008152374544 0.5443968208910189 0.4657008379772085 0.5716002525081608 0.4744507851192242 
0.8776817239225225 0.1970047989619248 0.3841993097552775 0.15771210150578885 0.42611084703639 0.17928483308170914 0.461919581788767 0.17191149782036647 0.5793499012631114 0.19203897068322742 0.6692513843634098 0.2082627397078328 0.7571403145587314 0.2740083539367485 0.7620799365570154 0.32140459518595865 0.8096248313386925 0.38074697140992897 0.7090226428001701 0.45600377875202797 0.8457112914999276 0.5480931078079467 0.8205028538214518 0.5752804471091446 0.8223269907806181 0.6406443290494462 0.7962996397332267 0.7241058748078244 0.7194766553268392 0.776848074238891 
0.5829520495275836 0.2768785429548235 0.56660070835784 0.2668572448456722 0.6167615588476426 0.31614942186626893 0.6621919441133582 0.3440188929880956 0.6903710564939946 0.384108780493708 0.7071436281269735 0.4144819166128926 0.717040382151026 0.4868055750747756 0.7333519453614284 0.5381291426900517 0.6981156327824082 0.5515589948734066 0.704002310665144 0.6319898161927238 0.685974668041547 0.6566856542239506 0.6872842256721583 0.7189635554015853 0.6201861172951348 0.6970913384241046 0.5737902733710598 0.7315478029483073 0.5298893140752909 0.7339006504055162 
0.38860927871585116 0.6239886637435281 0.5113407144750935 0.6564984791356289 0.5255173807197838 0.6473144390709643 0.4956293567724661 0.6512846801875831 0.4236053084689894 0.6494928166218841 0.4258723138714152 0.6227259044087077 0.392538473968872 0.6010563730036877 0.37507700884461637 0.5957785166040139 0.375250738016234 0.5358411290025555 0.3576488646620605 0.53612978251165 0.34673537752166905 0.5422601492383171 0.36762061504456894 0.43005491014044994 0.34328375063138916 0.43825635742211266 0.36317303298373493 0.42022349418424215 0.42200695579320285 0.37789995690973543 
0.31782451806478607 0.5022158274340964 0.639263690596283 0.5129601212339769 0.6312593659852948 0.5267307174711052 0.5966858627616118 0.5567680881303269 0.6084147850114108 0.5635853350851494 0.5969302008468137 0.5983438336180082 0.5638553378852054 0.6107246150777511 0.5529149873796201 0.6330724846450617 0.5185152390886019 0.6718746031587302 0.4913486675612261 0.6443192048519034 0.46497661950449665 0.6042290148673031 0.4582520102622274 0.6218965101092895 0.40669707082096673 0.5954901518013447 0.40928456831290144 0.5697650891754116 0.3651904181009715 0.5371244800753816 
0.4152748377345213 0.6553789110346728 0.46091234196878683 0.655196050576886 0.40036070698731996 0.630296210362794 0.3942558234341149 0.6241795429054304 0.3669986789267148 0.5888980513800058 0.37677315780161524 0.5461136248251381 0.34737323102953077 0.537179025035239 0.32202132836554165 0.49349234398140607 0.338860476367838 0.4548528713062895 0.34822838830821135 0.4211079634144243 0.3609934746230691 0.3804775399463334 0.3757652146369607 0.3679992239687845 0.38737719778866264 0.3483986380326921 0.45502158530814285 0.34346580389698755 0.47080586192636836 0.33040951914472394 
0.4418200633663928 0.5952681290256608 0.3409269332438974 0.576153408282691 0.3300133840743308 0.4713131609669061 0.32121386930275747 0.4563995731707099 0.3327066603148309 0.4583357152522268 0.3234676828414554 0.45471652691857245 0.3439278862923869 0.40554726246635203 0.3694895462223354 0.36256615826976357 0.3956072454147941 0.3653774653339874 0.4324678427110806 0.3288247059729962 0.4614833260484811 0.3174773608613085 0.4964813577663222 0.313215177432826 0.5410852683739307 0.31909602440210294 0.5546309930381887 0.3429762484581408 0.6137341607246989 0.3617436754282167 
0.13157703502382462 0.4430515190761327 0.44390183089640367 0.4893002205994011 0.456213389427861 0.4842394557935992 0.4121686596571205 0.5473343115329279 0.4290193372667852 0.4696681597590434 0.44421701465439867 0.4527919441805395 0.48814220985790213 0.4483700285602017 0.46648817035647205 0.4513010051389398 0.4869321955671386 0.482871527527091 0.4885945184731273 0.4337230311866185 0.5363467118732712 0.42321499293859544 0.5664388248986254 0.45660433173183124 0.5150462983237006 0.45205738115648175 0.5627246700014448 0.46458643037083575 0.54393044158857 0.48034798133873713 
0.47602917712686255 0.5753060992120067 0.3076108166646182 0.5378492364794613 0.31054561607785536 0.4809766179316115 0.33671415094439827 0.4456240921318661 0.3226052836959139 0.3951604421992717 0.343368999159543 0.3605362346633642 0.37725848519180283 0.34733894904470247 0.4114108433665191 0.3089615163122428 0.4430861856506551 0.3163108812702344 0.4759168375702491 0.29963986949231 0.5379957470694864 0.3346126123689405 0.5673908749551657 0.3447744052194753 0.5929530798774051 0.3487113695877254 0.6396481208135995 0.37235957964531385 0.6363782871340229 0.36589056757784094 
0.30747034102380666 0.44865145298619313 0.5982503151926652 0.4797168340572661 0.6200613998950185 0.4995296855802016 0.6151094582567841 0.5342468126660016 0.6196453232023869 0.547295498879372 0.6000628708519905 0.5879435004646173 0.5307654337627706 0.537981851203272 0.5702545654717445 0.5929478401237595 0.4997275639790037 0.6104389091464981 0.5400567677590773 0.6178806327519059 0.4807138760012539 0.6240704657733052 0.48205250198743566 0.5962977756789091 0.4563485280965698 0.606336817687162 0.44268221841195365 0.5974159270346544 0.4183484393233745 0.5781115400491392 
0.358460433588579 0.5594394818575906 0.5410365396750816 0.6615443741444538 0.5385534314184184 0.6438596993910765 0.5496400255205234 0.6375108829084315 0.5983590531150529 0.6662127720567309 0.4808696888217422 0.6389930485338696 0.443591180044864 0.6292268418815324 0.4350888102890709 0.6281466334451284 0.40366358384553286 0.5338678245092406 0.38938062837703696 0.5466708810355678 0.37314369682179166 0.4917618525999081 0.3506742605247798 0.5060246073452827 0.3596794106686884 0.4877880139525667 0.36391044283591234 0.4553595638873683 0.3716933349097533 0.43375932535050926 
0.9184305325998688 0.1403520489332648 0.6251267599228639 0.17166209274796596 0.6987950794362899 0.20894033202471568 0.75607698783408 0.27628502392964316 0.8034922086938554 0.3351152454116185 0.8449682997181088 0.4030710992602826 0.8652049560920944 0.45166030420052583 0.8666846754369764 0.5457662208140109 0.8587475846422059 0.6266319014173874 0.8334473348187686 0.6911622664017396 0.7815581921571967 0.7585573414295899 0.7355998221172224 0.8010205426402842 0.6790954629468132 0.8243665143081146 0.5980217331338109 0.8585777848947806 0.5428875846626522 0.8893217660983722 
0.358460433588579 0.6081740046784304 0.5410365396750816 0.6092923435077273 0.5385534314184184 0.6438596993910765 0.5390694843577758 0.6375108829084315 0.5983590531150529 0.6673404424197129 0.4808696888217422 0.6389930485338696 0.443591180044864 0.6292268418815324 0.420536678637573 0.6281466334451284 0.40876323722095204 0.6137982182798707 0.38938062837703696 0.5466708810355678 0.38811032118780114 0.5143159521944546 0.3506742605247798 0.5060246073452827 0.3596794106686884 0.4877880139525667 0.4472521378455686 0.4553595638873683 0.3716933349097533 0.43375932535050926 
0.007043494387802107 0.5018314080550537 0.5011101782250706 0.5018600726150643 0.5127871147480221 0.4994277740541762 0.4706874526453399 0.5061733685021607 0.5006286390757041 0.4955989082122665 0.4996351237843475 0.5026792572590213 0.4890886306199119 0.5012360032452416 0.49763481862455466 0.5000725850517711 0.5010340831912047 0.49028794748010923 0.5000860646237473 0.4778104978968692 0.5149242197716579 0.49967491629056254 0.49007504705972915 0.5089181362793074 0.48218873790527506 0.4960701609578611 0.4977600289556587 0.4871811384960288 0.49151837809222526 0.4995391124033877 
0.29699619209651457 0.44865145298619313 0.6154715870536952 0.4696433276545609 0.6200613998950185 0.4931646804168295 0.6137715010092878 0.5342468126660016 0.5790514583289478 0.523825615452393 0.6000628708519905 0.5680354490279812 0.5889862107255126 0.5948863580477742 0.5748561750989077 0.5929478401237595 0.5528416777747615 0.6104389091464981 0.5270733211949274 0.6178806327519059 0.5186851749321645 0.6240704657733052 0.48227255531067514 0.6073278924979405 0.45851892864821364 0.606336817687162 0.44268221841195365 0.5974159270346544 0.4194847748078797 0.5769033981782825 
0.014937502442953825 0.5006508190644534 0.5139754161354686 0.5018600726150643 0.5132454322500251 0.4993441762755966 0.505691771621636 0.5151339061989259 0.5006182386616355 0.5477733459611211 0.49888563199516905 0.5028039515332017 0.5146738519947478 0.496806480919196 0.49672476654830056 0.4990108252106652 0.5010340831912047 0.4909530329012688 0.4997534636638974 0.5317929643415895 0.5139826961658036 0.49967491629056254 0.49007504705972915 0.5089757774967688 0.5010159547060178 0.4960701609578611 0.4915929353281872 0.5017481525903988 0.4944250344640419 0.49970094189378 
0.19978340021979812 0.4304142279850795 0.41923176542582574 0.4933407636010865 0.4951768400136788 0.4134509919547624 0.4905496388125324 0.4201237211157585 0.5056351036710004 0.42176056700317377 0.5277681596287044 0.4360543970531894 0.5506758069711646 0.43376789650465103 0.565681518150777 0.4572639936866856 0.5335993741396816 0.48997609507935747 0.5698873191521068 0.4822257604314254 0.5667543847941824 0.5232715305835917 0.5927372062997445 0.5000043563778682 0.581563388621546 0.5245673347071825 0.5847917814825703 0.5475159995976819 0.5866881042225068 0.5180186480876737 
0.37551775360651973 0.61705392088487 0.5541483832667701 0.6436611365601168 0.5315844858817511 0.6397117725008333 0.4918924342252947 0.6455176631915029 0.48639405812773084 0.6545073704573845 0.4527336744668639 0.6229010879382558 0.41397588267049445 0.6000481064899035 0.40060479623763945 0.5948046673090548 0.37704019085600826 0.5696023350383518 0.35629006428104304 0.5333003789752189 0.35261592853416246 0.5141978989627789 0.3539252651044885 0.44165929029391304 0.34652856791110065 0.44513085885189174 0.365169565012209 0.41975843476996966 0.3850284289156627 0.39283319647533976 
0.12865337322631842 0.44172405173541085 0.44390183089640367 0.5021089307876347 0.49398310208112683 0.4842394557935992 0.4121686596571205 0.5014878906076152 0.4290193372667852 0.47102839926462714 0.44421701465439867 0.4525202136572424 0.48814220985790213 0.5000552382782968 0.46648817035647205 0.4513010051389398 0.49227938365803864 0.482871527527091 0.4885945184731273 0.4337230311866185 0.5087576255762747 0.42321499293859544 0.5664388248986254 0.45660433173183124 0.5150462983237006 0.45205738115648175 0.5627246700014448 0.46458643037083575 0.507944553353737 0.47930153035244016 
0.06946849128789802 0.501795736531617 0.5011501648272761 0.5041492708984218 0.4990754088909779 0.5000468878590594 0.46953843642901644 0.5176991963151945 0.5009841938472861 0.5119340485817359 0.4871074354521563 0.5215235687948989 0.487712583945281 0.4953856749159869 0.4737850651656334 0.4999758885061935 0.4523948947093265 0.49822765344952513 0.5000848478598812 0.4796881893396681 0.4618321500218179 0.49663648564643414 0.47686728629475317 0.4849433979486067 0.48218717512264037 0.4957816548971382 0.40975214783299785 0.4696797216110476 0.4915391874835548 0.4713246109211842 
0.08257069569916839 0.5572279350879472 0.4452889675060351 0.5421172187753742 0.4502907368930722 0.499976964072922 0.4911656485842899 0.46590924885234886 0.4916283236881728 0.4715533058232325 0.4619895994070041 0.45723232629263866 0.4466170091867388 0.46856901589213534 0.48680497008065116 0.4990656013996543 0.4695640485099374 0.4714477110769477 0.49336444261365053 0.5426065251867501 0.5011429058282039 0.42814807658101334 0.4994330081438234 0.4769880973723005 0.5120980649435856 0.4106677112863107 0.5045582147105637 0.4667798443937188 0.5242204339278842 0.48078094557960693 
0.48573974450510066 0.5653250843051796 0.2909527583749786 0.48065835256348677 0.30081173207961764 0.4858083464139642 0.3731717277209813 0.3870873448190405 0.308069865436817 0.30007936824175396 0.35331965731858683 0.35990328035922703 0.3939237846415108 0.3182347923338777 0.4373659852478404 0.3037580367634111 0.4921067720322505 0.2944441543882015 0.5053760882905186 0.28504745125196684 0.576251957579989 0.3269165879873307 0.6028456335495875 0.35616338638040734 0.6185490898725416 0.3828631542381542 0.6701812161237329 0.37061922890860244 0.6853433028578374 0.3679640136526531 
0.33415311034570794 0.6077708763264397 0.6246849763727432 0.5402532179205389 0.603675186315777 0.5986512119938833 0.597527106630213 0.5952288184141784 0.5371843113813288 0.6193343854231843 0.43164785259865035 0.6311205996031386 0.5304978733088483 0.6238111337786107 0.49500545226813675 0.633096889958067 0.48416862786283954 0.6247856250502797 0.44469457876930096 0.626454165979258 0.3971937209659465 0.6001356460275101 0.39224593799216745 0.5475831436394517 0.38573594028860814 0.5506615670046154 0.37407117071418267 0.5243790506160952 0.36829025138709337 0.49736295271994113 
0.02301766149697003 0.500640852912472 0.521643818811695 0.4872339522967223 0.5056455629818072 0.5181877039448389 0.49915891595772677 0.5040646667858223 0.487493304948288 0.48928200938942407 0.4848019386912962 0.5026228845856971 0.4880090197993055 0.49956607428118244 0.4885326923310406 0.49964618234353564 0.49379242146750524 0.5003551608433653 0.4923700106689913 0.4950873919656127 0.4919377380696902 0.5006050501562423 0.5050765689699399 0.503971321826687 0.49509245472298385 0.5016431189616055 0.48819240828746985 0.4997907901972894 0.4836154815239909 0.4983688309579793 
0.4216979116124327 0.6997182962203868 0.43663764740535904 0.652429170379333 0.40036070698731996 0.6285127547009635 0.40080258350674725 0.6241795429054304 0.35198200524772816 0.5916596181886004 0.3227096657395281 0.5644562411774047 0.338827963549856 0.5216977842911981 0.32389095603335083 0.41678546506928715 0.338860476367838 0.35493444000701824 0.35495375027421316 0.4211079634144243 0.37198968327869975 0.4369836337286125 0.34790244769525874 0.3743126511882965 0.4038608870566365 0.3317955951301149 0.4475335968044546 0.33362116728245905 0.5129583300026537 0.3401059423467133 
0.4566080423703863 0.5952681290256608 0.3409269332438974 0.576153408282691 0.3300133840743308 0.4713131609669061 0.32108512340084944 0.4563995731707099 0.3327066603148309 0.4583357152522268 0.3234676828414554 0.45471652691857245 0.3439278862923869 0.40554726246635203 0.3694895462223354 0.36256615826976357 0.3956072454147941 0.3653774653339874 0.4324678427110806 0.3288247059729962 0.4614833260484811 0.3174773608613085 0.4964813577663222 0.313215177432826 0.5410852683739307 0.31909602440210294 0.5785819301933325 0.3429762484581408 0.6137341607246989 0.3617436754282167 
0.9296001104639002 0.19042738321781796 0.6961433394326186 0.20484381044021188 0.7464242215100045 0.2938519184506667 0.818269128357614 0.3543152348972055 0.8369899048087699 0.3983351659720754 0.8666935589872365 0.35776534694115025 0.8827345844996073 0.5325115969979601 0.9458124517909374 0.6269979424244132 0.8334151186894756 0.7056567028346168 0.7733749781105725 0.7565996052757977 0.7410184750912676 0.8008828871475805 0.6732615984436284 0.7662450015576767 0.5807770489582015 0.8711379574035161 0.5091308207396337 0.8665338733061638 0.44488110403253855 0.8516660758089032 
0.07993061077172366 0.5053257902472216 0.510860407845277 0.5440110190444745 0.48356763319429713 0.5077011360533092 0.48952709910074976 0.5286955860365696 0.5006481462432824 0.5124033995464936 0.4790786485861127 0.5365925735838898 0.45664564598829555 0.4985676632930357 0.4124169675500393 0.49089017602863017 0.5252998356602159 0.501139169031019 0.4772422855609125 0.5018966692703114 0.4681254444822024 0.48663177985117745 0.4856736219010658 0.48888544498163167 0.46837240279468945 0.4789660230619449 0.49250052087075885 0.48974368430337667 0.4940708570056711 0.4852173186914701 
0.04216509799842523 0.500061452538441 0.5004507335760442 0.5018084354887081 0.516153161817303 0.5026190455620557 0.5247977703268948 0.5009953093411885 0.49387312172433795 0.4976955499874704 0.5001992873602071 0.5001894760798714 0.5068395382721009 0.4995715240713754 0.49695251848355154 0.4893405293592737 0.4716883144995758 0.5780956351593246 0.4931534896469173 0.4948953651012505 0.48053860839736773 0.5007372597400089 0.47273819364418335 0.5003274342998096 0.47271272807139975 0.4961635384823774 0.5018468093015254 0.4997780430629263 0.49267769265551115 0.4983561022273892 
0.9296001104639002 0.19042738321781796 0.6961433394326186 0.20473409177707053 0.7464242215100045 0.37578375492810745 0.8201368882846717 0.3543152348972055 0.8369899048087699 0.4036114261442806 0.8666935589872365 0.35740355130031964 0.8827345844996073 0.5325115969979601 0.8794453069567034 0.6269979424244132 0.8334151186894756 0.7057081642313585 0.7728389364899554 0.7565996052757977 0.7509720885037411 0.7856100371155749 0.6732615984436284 0.7662450015576767 0.5807770489582015 0.8711379574035161 0.5091308207396337 0.8665338733061638 0.44488110403253855 0.8516660758089032 
0.04957964499983293 0.5657701090077409 0.4779404241564994 0.5220114700501968 0.5056609512468725 0.518483995514253 0.5003847961015695 0.5038058760386349 0.4984566088735683 0.5060426357258269 0.4826221915415666 0.5472174492688379 0.4903406834528118 0.4994845517356344 0.4891133399240652 0.5517682523172533 0.4994804123405766 0.5016394102240587 0.49304662086850665 0.504826712090708 0.49104959622509126 0.5005951617005507 0.5050768720513256 0.5040704521965349 0.4904027593684066 0.4740932407257955 0.5118419379624751 0.49949649373406135 0.4843881076230424 0.5030187839126032 
0.46606777869490845 0.5753060992120067 0.311849624086616 0.5378492364794613 0.31054561607785536 0.4809766179316115 0.33671415094439827 0.4456240921318661 0.3226052836959139 0.3951604421992717 0.343368999159543 0.3605362346633642 0.37725848519180283 0.34733894904470247 0.4114108433665191 0.3089615163122428 0.4430861856506551 0.3163108812702344 0.4759168375702491 0.29963986949231 0.5379957470694864 0.3346126123689405 0.5673908749551657 0.3447744052194753 0.5929530798774051 0.3487113695877254 0.6396481208135995 0.37235957964531385 0.6363782871340229 0.36589056757784094 
0.6146329586795028 0.3405222114166824 0.6875311086581836 0.356490086441882 0.700379570607577 0.4267062629112347 0.7386955042315989 0.4690257328358166 0.7487894626841475 0.5123838565191065 0.7424582704205291 0.4111500661046279 0.7262936359197443 0.5776114646879111 0.7077265224618783 0.6434135140985447 0.6916350397268944 0.6957391284529028 0.6332263502402719 0.7204003984877888 0.5904793236495289 0.754179696436166 0.5297310260945353 0.7422950311405089 0.49296095184282895 0.7382598343420403 0.42772789309555526 0.727154409171708 0.39014790840602254 0.6830752867770052 
0.1733656552728297 0.4844273556254401 0.432151076733404 0.4708494940520861 0.4418193070424318 0.45764387554827846 0.4582940767953597 0.4586258303855326 0.48795059483074193 0.4031088594407302 0.4795605317679372 0.41921422792036556 0.4700766623635183 0.43427986318938866 0.5188007039605984 0.4775594100719889 0.5016021178013974 0.45180596835763365 0.5316073883421818 0.5005764842787337 0.5430209461945776 0.428503352616184 0.5378237267422714 0.4893207430734668 0.5498291524793101 0.48806203299368106 0.5524106022993941 0.4805955258549268 0.576842119353636 0.5109325975722394 
0.1474746271513409 0.5232060639228222 0.4641323092683742 0.5037195249921096 0.4125709312438739 0.48017858463018875 0.39950868741018386 0.47438291254016834 0.43779574884876316 0.4727042306820002 0.48742896036652966 0.3759767408972055 0.46862440298231095 0.43905716424248986 0.46122370138409735 0.5459998795012401 0.5038761363187447 0.4734289987420078 0.5039666821987208 0.4371569396987295 0.5339484477332797 0.3597731170254926 0.5103921002310849 0.4061658450056551 0.5394214536138833 0.4499008152374544 0.5443968208910189 0.4657008379772085 0.5716002525081608 0.4744507851192242 
0.1733656552728297 0.4844273556254401 0.432151076733404 0.4708494940520861 0.4418193070424318 0.45764387554827846 0.4582940767953597 0.4586258303855326 0.48795059483074193 0.4031088594407302 0.4795605317679372 0.41921422792036556 0.4700766623635183 0.43427986318938866 0.5188007039605984 0.4775594100719889 0.5016021178013974 0.45180596835763365 0.5316073883421818 0.5005764842787337 0.5430209461945776 0.428503352616184 0.5378237267422714 0.4893207430734668 0.5498291524793101 0.48806203299368106 0.5524106022993941 0.4805955258549268 0.576842119353636 0.5109325975722394 
0.014799925254503332 0.5018314080550537 0.5140415227133432 0.5018600726150643 0.5127871147480221 0.4994277740541762 0.502476237563594 0.5153692612695747 0.5006284778878384 0.4955989082122665 0.4996351237843475 0.5049253857668609 0.4890886306199119 0.5012649546784522 0.49671037422412956 0.5000725850517711 0.49630368413816484 0.49028794748010923 0.5000860646237473 0.4778104978968692 0.5322559140856795 0.49967491629056254 0.49007504705972915 0.508918941366282 0.4562960721479531 0.4960701609578611 0.497836484482322 0.4871811384960288 0.49151837809222526 0.4971461141662018 
0.23531559629349896 0.4111971744078837 0.5094659856076728 0.3690216063168144 0.5124447778245212 0.3715016450197275 0.5363602671801804 0.4252840489533531 0.5660192944673343 0.4343677932571729 0.5271327440647894 0.4473236851723748 0.5842116447295952 0.44961962420908075 0.5920854914935744 0.47638362478048163 0.5817502101788476 0.5297885027694269 0.5990557826906422 0.49784073897786396 0.5868606419496014 0.501724284330564 0.5931974355553686 0.521548984112582 0.5630203165256679 0.5602867226558146 0.5771307278330879 0.5837443936770778 0.44201745196985964 0.587484287092367 
0.1881351778051135 0.4591592183145429 0.42788754131998236 0.4414100150467829 0.4354757404878996 0.4238301717459846 0.45515049008455233 0.4563514121776209 0.49988042176252356 0.4208836376626279 0.45950768318946117 0.4260791848251796 0.5160600581188809 0.4221889353306764 0.532945445924086 0.43426319295041427 0.5703945584725225 0.46611208666826787 0.5435173741686451 0.43558643220839877 0.5519642451388707 0.5278145679293511 0.5600832238813538 0.49078462524062927 0.5796991901537188 0.4920431109152096 0.5709266537657107 0.4971402021475131 0.5743848540966091 0.5299749552810088 
0.5486349639135449 0.3034125112168592 0.4279342739857813 0.2302137771858932 0.473879422006404 0.2831964739825291 0.5113705321802186 0.2947063821377809 0.5558200313716493 0.30133040204262046 0.605607141862727 0.32686534758980806 0.6484948271451803 0.34680900318350616 0.6774190585370969 0.3805670260757856 0.6931077573064336 0.42579881779017326 0.7078771917862209 0.4139259250281968 0.7157199367301973 0.5049565091075582 0.7157381726230342 0.5744514840397403 0.7040468090297666 0.6057840322972567 0.6808958682394309 0.6516319464981314 0.6526977166537693 0.6756418246203325 
0.0727996491512682 0.5023458343160713 0.48043932003689294 0.5307370147393702 0.47156869181535566 0.5283525392501841 0.4877599101078145 0.521509060537784 0.4826364572453362 0.537239110483134 0.4543601400329801 0.48705113764129593 0.44828633021065334 0.49370295967401917 0.5078584111992541 0.4778934327993048 0.4622659831637733 0.4724968037995269 0.49135932098063206 0.47994326656751624 0.5001347643772951 0.4692884336280845 0.48152131584473 0.4569895119462407 0.49103655808662244 0.4965694563803755 0.4771259708291154 0.45285943417061914 0.4931277012297577 0.4862779822043358 
0.05968875957186694 0.5046806251396072 0.4779404241564994 0.5220114700501968 0.5056609512468725 0.518483995514253 0.5003847961015695 0.5038058760386349 0.48747389848684536 0.5060426357258269 0.4826221915415666 0.5472174492688379 0.4903406834528118 0.4994845517356344 0.4891133399240652 0.5517682523172533 0.4994804123405766 0.5016394102240587 0.49304662086850665 0.504826712090708 0.49104959622509126 0.5005951617005507 0.5050768720513256 0.5040704521965349 0.4904027593684066 0.4740932407257955 0.5118419379624751 0.49949649373406135 0.4843881076230424 0.5030187839126032 
0.03550285021510091 0.5078714830037476 0.5014411933385413 0.5018035202468353 0.4978172846547057 0.5156294036157258 0.5148470435946231 0.5118111953197442 0.49971125392937055 0.5062666564230403 0.5202038627284936 0.5156982858076432 0.5284483615081528 0.5088251635497505 0.5184181877845702 0.51841195517732 0.459520417897996 0.5106023471297005 0.4928570842230984 0.5032304259995244 0.48015864748871695 0.5007035413998553 0.4857424489361271 0.5000134058501366 0.4813707843759983 0.4958750928628956 0.4850018497198992 0.4875148690906311 0.44502425401859563 0.49701171113049597 
0.27121516273246243 0.40443188445196127 0.5857785794749436 0.4219222885335151 0.5889898399436428 0.44507983739248375 0.6043179737181887 0.4707262435300768 0.6210378764458071 0.48987658209999496 0.6204277668829205 0.5143022839058807 0.5915787695117434 0.545600086136891 0.6158012969707387 0.5603888422660477 0.5666262181914615 0.5805958547988255 0.5746253280510888 0.5872866801403169 0.5564810303962211 0.5934367947708067 0.5336877032514676 0.6088292247354573 0.49069394130640764 0.6153721688343987 0.5125490985077193 0.6050328610054423 0.46040045118134865 0.6050542940474487 
0.6146329586795028 0.3537212343538645 0.6875311086581836 0.356490086441882 0.6991076762903139 0.42296053028973796 0.7386955042315989 0.4690257328358166 0.7486202096291583 0.5158143948990114 0.7233127224271888 0.5588796694795569 0.7330144882244374 0.5814233125678997 0.7077265224618783 0.6752537955350308 0.6916350397268944 0.6957391284529028 0.6217940275225325 0.7204003984877888 0.5462213305175939 0.7136077824511529 0.5790675534052712 0.7416240614507346 0.49296095184282895 0.7386471898331535 0.42772789309555526 0.7284536120483074 0.39014790840602254 0.6830752867770052 
0.22006411005820645 0.377287649709045 0.4683660943653017 0.4244830751811771 0.4916157360201373 0.4477557547887265 0.5045888647150549 0.38990882610797245 0.5162436406108892 0.42176056700317377 0.5308936319263194 0.4360543970531894 0.5431995002148062 0.44447238714422255 0.5610062542886738 0.4572639936866856 0.5877566937001064 0.4936426337240979 0.6219857888100706 0.4969771658451176 0.5650600121324689 0.4987938023419737 0.5769622064719662 0.5236693542027138 0.5728778965209674 0.5250284296153035 0.558878267603189 0.5535378736003496 0.5656026125351705 0.5600196896566637 
0.9054132614140173 0.13790468101864073 0.5355955194257623 0.14561737207003014 0.6228303093999503 0.16630925395604193 0.6668055265997147 0.20827996973236337 0.7425401346536894 0.2563246870002356 0.7613168989812916 0.3277896550591817 0.8201783603383306 0.28595648056051404 0.8543381975585498 0.4496408719591195 0.8618802595187863 0.5364997795562307 0.857752389614915 0.6154163556033908 0.8336361941034592 0.682753496086219 0.7685689793573603 0.7237163728872772 0.7622371467886236 0.7953212251543611 0.6816763154805192 0.8288386512151672 0.6415963029624778 0.8608291674984399 
0.6146329586795028 0.3405222114166824 0.6875311086581836 0.356490086441882 0.700379570607577 0.4267062629112347 0.7386955042315989 0.4690257328358166 0.7487894626841475 0.5123838565191065 0.7424582704205291 0.4111500661046279 0.7262936359197443 0.5776114646879111 0.7077265224618783 0.6434135140985447 0.6916350397268944 0.6957391284529028 0.6332263502402719 0.7204003984877888 0.5904793236495289 0.754179696436166 0.5297310260945353 0.7422950311405089 0.49296095184282895 0.7382598343420403 0.42772789309555526 0.727154409171708 0.39014790840602254 0.6830752867770052 
0.5326483209225926 0.35616016689042373 0.3585047427718654 0.3300771063252014 0.40307850122767724 0.28965994846372434 0.4333838644682666 0.31742910861344653 0.5074389803087654 0.3208807784078569 0.5314726809625021 0.2635182650250345 0.5913364537005441 0.31862672436706774 0.6051238177094932 0.25380244319953216 0.6395429916572131 0.36595169803791705 0.6890706271318745 0.4163962580710453 0.7246487969531448 0.4634538730931499 0.7052309816932087 0.46929925636429437 0.70609633726788 0.5776029889858688 0.7105355404517437 0.5964740216658406 0.7024493950256034 0.6244297011809812 
0.0012703253774475603 0.5005327093586115 0.47810061117360736 0.5040221697992256 0.4986710449604192 0.5026395450146008 0.5057947502673225 0.5008525782174115 0.5000152313595067 0.48988976970369746 0.5064705301883994 0.5009378874335595 0.4962801938612472 0.5006744108386632 0.49701478652877934 0.5002763763420164 0.4729658975972312 0.49887939361184636 0.4942136956004315 0.501010520066897 0.5003979873193695 0.49808325027163236 0.5001807692750702 0.4990040628003812 0.4974157214495185 0.4981828600182642 0.48908700630490953 0.501034495775373 0.4926894487439121 0.49971638567139876 
0.028115717753790875 0.5005327093586115 0.5045918077927195 0.5144852552471675 0.4987250853704541 0.5026395450146008 0.5061999506305664 0.5548157975016376 0.5000152313595067 0.4951515622708785 0.49578990612699714 0.5004544827163024 0.5312017843150776 0.5019986355885424 0.49701478652877934 0.5002763763420164 0.4729658975972312 0.4984696432916213 0.4998160957826454 0.49586794232422193 0.4979074248250712 0.49808325027163236 0.5001807692750702 0.500979051209401 0.49766200296141716 0.4981850140485835 0.48908700630490953 0.501034495775373 0.4833570632833418 0.49971638567139876 
0.010106327379808322 0.5078714830037476 0.5014411933385413 0.5018035202468353 0.4978172846547057 0.5156294036157258 0.5148470435946231 0.5118111953197442 0.5005989584647298 0.5062666564230403 0.5202038627284936 0.5156982858076432 0.5284483615081528 0.5088251635497505 0.5185132652986424 0.5000262275819832 0.4482871454480327 0.5106023471297005 0.4928570842230984 0.5032304259995244 0.4605405240315861 0.5007035413998553 0.4857424489361271 0.5000134058501366 0.4813707843759983 0.4958750928628956 0.4850018497198992 0.4875148690906311 0.44502425401859563 0.49701171113049597 
0.33415311034570794 0.6432425998017155 0.6246849763727432 0.5402532179205389 0.603675186315777 0.5986512119938833 0.5953041476111868 0.5952288184141784 0.5371843113813288 0.6065001094772855 0.5724875491052432 0.6311205996031386 0.5304978733088483 0.6238111337786107 0.49500545226813675 0.633096889958067 0.48416862786283954 0.6247856250502797 0.44469457876930096 0.6077813771728964 0.3971937209659465 0.6001356460275101 0.39224593799216745 0.5613585064896168 0.38573594028860814 0.5631674422106464 0.37407117071418267 0.5243790506160952 0.36829025138709337 0.49736295271994113 
0.5134711145665217 0.4723454131683468 0.3165111575211942 0.31282732559094883 0.3767172090484745 0.3448985383822759 0.4064755150492301 0.310093217123263 0.44983254308282755 0.3051383939180351 0.48363315726601575 0.28299262029787486 0.4991418481916192 0.3095651383980246 0.5724777494355374 0.3195152880919112 0.5878316211734402 0.3743767968577387 0.6275652123202377 0.3314005957614153 0.6545098582901009 0.4237813808638936 0.6789680896971676 0.42243683129520343 0.6913333110754971 0.4639663241299459 0.7126526095167312 0.4253646626659845 0.7038248755536153 0.5495937814319047 
0.1881351778051135 0.4591592183145429 0.42788754131998236 0.4414100150467829 0.4354757404878996 0.4238301717459846 0.45515049008455233 0.4563514121776209 0.49988042176252356 0.4208836376626279 0.45950768318946117 0.4260791848251796 0.5160600581188809 0.4221889353306764 0.532945445924086 0.43426319295041427 0.5703945584725225 0.46611208666826787 0.5435173741686451 0.43558643220839877 0.5519642451388707 0.5278145679293511 0.5600832238813538 0.49078462524062927 0.5796991901537188 0.4920431109152096 0.5709266537657107 0.4971402021475131 0.5743848540966091 0.5299749552810088 
0.10091266947943757 0.5289885801242188 0.49055455922287816 0.5379466669357245 0.4497474627233621 0.49779207987426866 0.48048314688226346 0.5127096895226082 0.435998961300196 0.5387571459446123 0.4663905272068737 0.48429833006813217 0.4385274267728577 0.48904652751516325 0.5052261767130668 0.4794975503818056 0.47073795353957637 0.48784980720557364 0.48912715501233894 0.48166022082357174 0.4675607779453865 0.46899710542679307 0.4733403762330767 0.43177026858315265 0.512831943521802 0.4954911734208618 0.4727124806243301 0.46593010963796366 0.5069626066895532 0.45992874492813207 
0.05968875957186694 0.5046806251396072 0.4779404241564994 0.5220114700501968 0.5056609512468725 0.518483995514253 0.5003847961015695 0.5038058760386349 0.48747389848684536 0.5060426357258269 0.4826221915415666 0.5472174492688379 0.4903406834528118 0.4994845517356344 0.4891133399240652 0.5517682523172533 0.4994804123405766 0.5016394102240587 0.49304662086850665 0.504826712090708 0.49104959622509126 0.5005951617005507 0.5050768720513256 0.5040704521965349 0.4904027593684066 0.4740932407257955 0.5118419379624751 0.49949649373406135 0.4843881076230424 0.5030187839126032 
0.10647060931969764 0.500640852912472 0.521643818811695 0.4872339522967223 0.5056455629818072 0.5181877039448389 0.49915891595772677 0.5040646667858223 0.487493304948288 0.48928200938942407 0.4848019386912962 0.5026228845856971 0.4880090197993055 0.49956607428118244 0.4885326923310406 0.49964618234353564 0.49379242146750524 0.5003551608433653 0.4923700106689913 0.4950873919656127 0.4919377380696902 0.5006050501562423 0.5050765689699399 0.503971321826687 0.49509245472298385 0.5016431189616055 0.5116976147023569 0.4997907901972894 0.4836154815239909 0.4983688309579793 
0.5326483209225926 0.35616016689042373 0.3585047427718654 0.3300771063252014 0.40307850122767724 0.28965994846372434 0.4333838644682666 0.31742910861344653 0.5074389803087654 0.3208807784078569 0.5314726809625021 0.2635182650250345 0.5913364537005441 0.31862672436706774 0.6051238177094932 0.25380244319953216 0.6395429916572131 0.36595169803791705 0.6890706271318745 0.4163962580710453 0.7246487969531448 0.4634538730931499 0.7052309816932087 0.46929925636429437 0.70609633726788 0.5776029889858688 0.7105355404517437 0.5964740216658406 0.7024493950256034 0.6244297011809812 
0.028115717753790875 0.5840108072454195 0.5045918077927195 0.5144852552471675 0.4987250853704541 0.5844484286172323 0.5061999506305664 0.5548157975016376 0.5000152313595067 0.4951515622708785 0.49578990612699714 0.5004544827163024 0.5312017843150776 0.5019986355885424 0.49701478652877934 0.5002763763420164 0.4729658975972312 0.4984696432916213 0.49623881103526235 0.49586794232422193 0.4979074248250712 0.49808325027163236 0.5001807692750702 0.500979051209401 0.49766200296141716 0.4981850140485835 0.48908700630490953 0.501034495775373 0.4833570632833418 0.49971638567139876 
0.288496229031074 0.46693975120535786 0.6079022983739939 0.46368715030533036 0.6041619889969088 0.4671575557028581 0.5931942197279344 0.5057060198068654 0.6073899568815376 0.5474726517042429 0.5962021964123797 0.5685249547366646 0.5661940818298902 0.549483735340405 0.5263419596912726 0.5785973641622741 0.5751874267170437 0.5936380429896861 0.5741348845605135 0.6187638528257218 0.4776450889722419 0.6145528321007458 0.460651389027183 0.6259385169333239 0.5066615847325424 0.5593849791673894 0.4388050107157475 0.5807439631919276 0.4334211934096201 0.5755687883352829 
0.09296387341567942 0.5023458343160713 0.48043932003689294 0.5307370147393702 0.47156869181535566 0.5283525392501841 0.4877599101078145 0.521509060537784 0.4826364572453362 0.537239110483134 0.4543601400329801 0.48705113764129593 0.44828633021065334 0.49370295967401917 0.5078584111992541 0.4778934327993048 0.4622659831637733 0.4724968037995269 0.49135932098063206 0.47994326656751624 0.5001347643772951 0.4692884336280845 0.48152131584473 0.4569895119462407 0.49103655808662244 0.4965694563803755 0.4771259708291154 0.45285943417061914 0.4931277012297577 0.4862779822043358 
0.5486349639135449 0.3034125112168592 0.4279342739857813 0.2302137771858932 0.473879422006404 0.2831964739825291 0.5113705321802186 0.2947063821377809 0.5558200313716493 0.30133040204262046 0.605607141862727 0.32686534758980806 0.6484948271451803 0.34680900318350616 0.6774190585370969 0.3805670260757856 0.6931077573064336 0.42579881779017326 0.7078771917862209 0.4139259250281968 0.7157199367301973 0.5049565091075582 0.7157381726230342 0.5744514840397403 0.7040468090297666 0.6057840322972567 0.6808958682394309 0.6516319464981314 0.6526977166537693 0.6756418246203325 
0.0012703253774475603 0.5005327093586115 0.47810061117360736 0.5040221697992256 0.4986710449604192 0.5026395450146008 0.5057947502673225 0.5008525782174115 0.5000152313595067 0.48988976970369746 0.5064705301883994 0.5009378874335595 0.4962801938612472 0.5006744108386632 0.49701478652877934 0.5002763763420164 0.4729658975972312 0.49887939361184636 0.4942136956004315 0.501010520066897 0.5003979873193695 0.49808325027163236 0.5001807692750702 0.4990040628003812 0.4974157214495185 0.4981828600182642 0.48908700630490953 0.501034495775373 0.4926894487439121 0.49971638567139876 
0.045802899852467785 0.501795736531617 0.5011501648272761 0.5041492708984218 0.4990754088909779 0.5000468878590594 0.46953843642901644 0.5176991963151945 0.5009841938472861 0.5119340485817359 0.4871074354521563 0.5215235687948989 0.487712583945281 0.4953856749159869 0.4737850651656334 0.4999758885061935 0.4523948947093265 0.49822765344952513 0.5000848478598812 0.4796881893396681 0.4618321500218179 0.49663648564643414 0.47686728629475317 0.4849433979486067 0.48218717512264037 0.4957816548971382 0.3843385276430529 0.4696797216110476 0.4915391874835548 0.4713246109211842 
0.02301766149697003 0.500640852912472 0.521643818811695 0.4872339522967223 0.5056455629818072 0.5181877039448389 0.49915891595772677 0.5040646667858223 0.487493304948288 0.48928200938942407 0.4848019386912962 0.5026228845856971 0.4880090197993055 0.49956607428118244 0.4885326923310406 0.49964618234353564 0.49379242146750524 0.5003551608433653 0.4923700106689913 0.4950873919656127 0.4919377380696902 0.5006050501562423 0.5050765689699399 0.503971321826687 0.49509245472298385 0.5016431189616055 0.48819240828746985 0.4997907901972894 0.4836154815239909 0.4983688309579793 
0.27121516273246243 0.40443188445196127 0.5061505210639908 0.4219222885335151 0.5889898399436428 0.44507983739248375 0.5649064110998077 0.4707262435300768 0.6210378764458071 0.48987658209999496 0.6124934375600741 0.5054727012960436 0.5915787695117434 0.545600086136891 0.5803555167182984 0.5603888422660477 0.5973497382425077 0.5805958547988255 0.5746253280510888 0.5872866801403169 0.5564810303962211 0.5934367947708067 0.5336877032514676 0.6088292247354573 0.49069394130640764 0.6153721688343987 0.5125490985077193 0.6050328610054423 0.46040045118134865 0.6050542940474487 
0.40301558062319653 0.6633142738446709 0.49271013275321784 0.6481571734205906 0.45915724423397997 0.6202602875717925 0.4575887481813592 0.6309913129945998 0.3849086274221739 0.611713758159813 0.29918687907762254 0.5928096497322716 0.3439456381511088 0.5560552232506051 0.3471585160930257 0.5374944321564982 0.3501249373517139 0.4911752201516455 0.3476844188686441 0.4612783342121252 0.3587486612275066 0.4226470323354804 0.36931407740613703 0.3929419150217145 0.3781147350709384 0.3691159172025841 0.3947984374855139 0.3585216442658715 0.4437489668489781 0.3458215446433316 
0.20970563690111352 0.3549315504335972 0.4683660943653017 0.4320461735338905 0.4817281852591384 0.41797336796531365 0.5045888647150549 0.42734254548228984 0.5162436406108892 0.42009691395836557 0.5308936319263194 0.4360543970531894 0.4179339516215824 0.4334413443997016 0.5610062542886738 0.4572639936866856 0.565138128306628 0.46556866747948455 0.570699587057494 0.4697860178464321 0.584154068052117 0.4987938023419737 0.5769622064719662 0.5236693542027138 0.5728778965209674 0.5250284296153035 0.5847917814825703 0.528665858697789 0.5656026125351705 0.5600196896566637 
0.40301558062319653 0.6633142738446709 0.49271013275321784 0.6481571734205906 0.45915724423397997 0.6202602875717925 0.4575887481813592 0.6309913129945998 0.3849086274221739 0.611713758159813 0.29918687907762254 0.5928096497322716 0.3439456381511088 0.5560552232506051 0.3471585160930257 0.5374944321564982 0.3501249373517139 0.4911752201516455 0.3476844188686441 0.4612783342121252 0.3587486612275066 0.4226470323354804 0.36931407740613703 0.3929419150217145 0.3781147350709384 0.3691159172025841 0.3947984374855139 0.3585216442658715 0.4437489668489781 0.3458215446433316 
0.23531559629349896 0.4111971744078837 0.5094659856076728 0.3690216063168144 0.5124447778245212 0.3715016450197275 0.5363602671801804 0.4252840489533531 0.5660192944673343 0.4343677932571729 0.5271327440647894 0.4473236851723748 0.5842116447295952 0.44961962420908075 0.5920854914935744 0.47638362478048163 0.5817502101788476 0.5297885027694269 0.5990557826906422 0.49784073897786396 0.5868606419496014 0.501724284330564 0.5931974355553686 0.521548984112582 0.5630203165256679 0.5602867226558146 0.5771307278330879 0.5837443936770778 0.44201745196985964 0.587484287092367 
0.04957964499983293 0.5046806251396072 0.4779404241564994 0.5220114700501968 0.5056609512468725 0.518483995514253 0.5003847961015695 0.5038058760386349 0.48747389848684536 0.5060426357258269 0.4826221915415666 0.5472174492688379 0.4903406834528118 0.4994845517356344 0.4891133399240652 0.5517682523172533 0.4994804123405766 0.5016394102240587 0.49304662086850665 0.504826712090708 0.49104959622509126 0.5005951617005507 0.5050768720513256 0.5040704521965349 0.4904027593684066 0.4740932407257955 0.5118419379624751 0.49949649373406135 0.4843881076230424 0.5030187839126032 
2.695768624336296E-4 0.5000759922684452 0.5004507335760442 0.5018697061994362 0.4987262062308836 0.499817006098342 0.4890449219503483 0.5010000407157652 0.5006204612639296 0.4978168858191967 0.5001462778588878 0.5001894760798714 0.5299921227238985 0.4995452202566992 0.5189708177288849 0.46701899034373023 0.5092543970385529 0.4988697004613829 0.4997714868947435 0.4950873919656127 0.4919377380696902 0.5007372597400089 0.47168471746708474 0.5003134094113139 0.4888360781685782 0.4961635384823774 0.4991815269818299 0.4997907901972894 0.49750870697177974 0.4983688309579793 
0.37551775360651973 0.61705392088487 0.5541483832667701 0.6436611365601168 0.5315844858817511 0.6397117725008333 0.4918924342252947 0.6455176631915029 0.48639405812773084 0.6545073704573845 0.4527336744668639 0.6229010879382558 0.41397588267049445 0.6000481064899035 0.40060479623763945 0.5948046673090548 0.37704019085600826 0.5696023350383518 0.35629006428104304 0.5333003789752189 0.35261592853416246 0.5141978989627789 0.3539252651044885 0.44165929029391304 0.34652856791110065 0.44513085885189174 0.365169565012209 0.41975843476996966 0.3850284289156627 0.39283319647533976 
2.5931039000087752E-12 0.49851000994987194 0.5006591777672607 0.5018601034974967 0.49707050912112627 0.499817006098342 0.4289781289579889 0.5010000407157652 0.5006204612639296 0.4978168858191967 0.5001795933291752 0.5001894760798714 0.4973917773600042 0.49951281046132284 0.5194004071518327 0.4659077852696892 0.5090238212925812 0.4988697004613829 0.5081795632236408 0.49830179859690116 0.49170126740780645 0.5007372642722328 0.5115569141069372 0.5002996379306383 0.4885262222251897 0.5006044656091804 0.48886351544667106 0.4997907901972894 0.5078224808938018 0.4983688309579793 
0.22006411005820645 0.377287649709045 0.4683660943653017 0.4244830751811771 0.4916157360201373 0.4179105399811222 0.5045888647150549 0.38990882610797245 0.5162436406108892 0.42176056700317377 0.5308936319263194 0.4360543970531894 0.5431995002148062 0.44447238714422255 0.5610062542886738 0.4572639936866856 0.5877566937001064 0.4936426337240979 0.6333566019012941 0.4969771658451176 0.5878201063160117 0.4987938023419737 0.5769622064719662 0.5236693542027138 0.5728778965209674 0.5250284296153035 0.558878267603189 0.5535378736003496 0.5656026125351705 0.5600196896566637 
0.03550285021510091 0.5078714830037476 0.5014411933385413 0.5018035202468353 0.4978172846547057 0.5156294036157258 0.5148470435946231 0.5118111953197442 0.49971125392937055 0.5062666564230403 0.5202038627284936 0.5156982858076432 0.5284483615081528 0.5088251635497505 0.5184181877845702 0.51841195517732 0.459520417897996 0.5106023471297005 0.4928570842230984 0.5032304259995244 0.48015864748871695 0.5007035413998553 0.4857424489361271 0.5000134058501366 0.4813707843759983 0.4958750928628956 0.4850018497198992 0.4875148690906311 0.44502425401859563 0.49701171113049597 
2.695768624336296E-4 0.5000759922684452 0.5004507335760442 0.5018697061994362 0.4987262062308836 0.499817006098342 0.4890449219503483 0.5010000407157652 0.5006204612639296 0.4978168858191967 0.5001462778588878 0.5001894760798714 0.5299921227238985 0.4995452202566992 0.5189708177288849 0.46701899034373023 0.5092543970385529 0.4988697004613829 0.4997714868947435 0.4950873919656127 0.4919377380696902 0.5007372597400089 0.47168471746708474 0.5003134094113139 0.4888360781685782 0.4961635384823774 0.4991815269818299 0.4997907901972894 0.49750870697177974 0.4983688309579793 
0.48573974450510066 0.5653250843051796 0.2909527583749786 0.48065835256348677 0.30081173207961764 0.4858083464139642 0.3731717277209813 0.3870873448190405 0.308069865436817 0.30007936824175396 0.35331965731858683 0.35990328035922703 0.3939237846415108 0.3182347923338777 0.4373659852478404 0.3037580367634111 0.4921067720322505 0.2944441543882015 0.5053760882905186 0.28504745125196684 0.576251957579989 0.3269165879873307 0.6028456335495875 0.35616338638040734 0.6185490898725416 0.3828631542381542 0.6701812161237329 0.37061922890860244 0.6853433028578374 0.3679640136526531 
0.42851658278497384 0.6393066689303417 0.38519535484906003 0.6042909067690612 0.3587792221351555 0.5146300531579946 0.35658098208002764 0.5163097984367602 0.3287769973455108 0.5188564210564494 0.31750037437481016 0.5013176253726378 0.33137195529806573 0.41654970083045084 0.34497331021307454 0.3933768803659937 0.36421735134298333 0.3577868182378914 0.36835233487160046 0.36523068053207286 0.4136719372232608 0.36653394191098104 0.41812291768308907 0.3405748311865525 0.4802317108475468 0.3135798329503181 0.5161412161036385 0.33218016188386235 0.5731279604981079 0.35649317405856246 
0.20970563690111352 0.3549315504335972 0.4683660943653017 0.4320461735338905 0.4817281852591384 0.41797336796531365 0.5045888647150549 0.42734254548228984 0.5162436406108892 0.42009691395836557 0.5308936319263194 0.4360543970531894 0.5431995002148062 0.4334413443997016 0.5610062542886738 0.4572639936866856 0.565138128306628 0.4591810906734243 0.570699587057494 0.4697860178464321 0.584154068052117 0.4987938023419737 0.5769622064719662 0.5236693542027138 0.5728778965209674 0.5250284296153035 0.5847917814825703 0.528665858697789 0.5656026125351705 0.5600196896566637 
0.5134711145665217 0.4723454131683468 0.3165111575211942 0.31282732559094883 0.3767172090484745 0.3448985383822759 0.4064755150492301 0.310093217123263 0.44983254308282755 0.3051383939180351 0.48363315726601575 0.28299262029787486 0.4991418481916192 0.3095651383980246 0.5724777494355374 0.3195152880919112 0.5878316211734402 0.3743767968577387 0.6275652123202377 0.3314005957614153 0.6545098582901009 0.4237813808638936 0.6789680896971676 0.42243683129520343 0.6913333110754971 0.4639663241299459 0.7126526095167312 0.4253646626659845 0.7038248755536153 0.5495937814319047 
